########################################
Attempting to configure model from file 'train.txt'

ERROR:  is not a parameter
Model configured successfully!
Memory allocated
Weights intialized!
Printing configuration paramenters:

Number of activation layers: 4
Size of each activation layer: 28224 16 16 5 
The threshold function used will be: sigmoid
Current mode: training
Number of tests: 25
Weights will be initialized between -1 and 1
lambda is 0.1
The model will stop when it reached 1000000000 iterations or reaches a error lower than 0.0001

Tests loaded
Iteration: 1000	Error: 0.000963750
Iteration: 2000	Error: 0.000427685
Iteration: 3000	Error: 0.000271535
Iteration: 4000	Error: 0.000197087
Iteration: 5000	Error: 0.000153978
Iteration: 6000	Error: 0.000126163
Iteration: 7000	Error: 0.000106729

SUCCESS: Model converged after 7435 iterations!
Error: 0.000099986

Model terminated due to reaching low enough error (<=0.000100000).
Final truth table:
0.994454656 0.003639834 0.003824464 0.004550413 0.004229316 | 1.000000000 0.000000000 0.000000000 0.000000000 0.000000000 
0.995304824 0.003602969 0.003934850 0.003499395 0.005009634 | 1.000000000 0.000000000 0.000000000 0.000000000 0.000000000 
0.988019169 0.005747983 0.005686007 0.004423191 0.004236861 | 1.000000000 0.000000000 0.000000000 0.000000000 0.000000000 
0.988041212 0.005734568 0.005654902 0.004424104 0.004265695 | 1.000000000 0.000000000 0.000000000 0.000000000 0.000000000 
0.995236095 0.003204575 0.004891632 0.003146499 0.004997803 | 1.000000000 0.000000000 0.000000000 0.000000000 0.000000000 

0.009665114 0.988407975 0.000186176 0.008672189 0.004195730 | 0.000000000 1.000000000 0.000000000 0.000000000 0.000000000 
0.006704550 0.989367562 0.000176022 0.002520730 0.004389423 | 0.000000000 1.000000000 0.000000000 0.000000000 0.000000000 
0.003573432 0.996283506 0.000210131 0.000283951 0.006683750 | 0.000000000 1.000000000 0.000000000 0.000000000 0.000000000 
0.001350879 0.988962075 0.011967324 0.005552866 0.000254282 | 0.000000000 1.000000000 0.000000000 0.000000000 0.000000000 
0.000507368 0.997735465 0.003857812 0.001169728 0.004264325 | 0.000000000 1.000000000 0.000000000 0.000000000 0.000000000 

0.007627157 0.004218301 0.991931152 0.001308778 0.001603017 | 0.000000000 0.000000000 1.000000000 0.000000000 0.000000000 
0.007682229 0.000467992 0.990127233 0.006774166 0.011721410 | 0.000000000 0.000000000 1.000000000 0.000000000 0.000000000 
0.001040720 0.011428308 0.985460354 0.007189085 0.007145980 | 0.000000000 0.000000000 1.000000000 0.000000000 0.000000000 
0.000776063 0.001640752 0.991074194 0.008039414 0.006847152 | 0.000000000 0.000000000 1.000000000 0.000000000 0.000000000 
0.005401980 0.003738161 0.991570820 0.003064340 0.001301226 | 0.000000000 0.000000000 1.000000000 0.000000000 0.000000000 

0.005420753 0.003571427 0.006176361 0.990823430 0.001626669 | 0.000000000 0.000000000 0.000000000 1.000000000 0.000000000 
0.005044943 0.003768430 0.006064785 0.990467486 0.001641810 | 0.000000000 0.000000000 0.000000000 1.000000000 0.000000000 
0.003988961 0.005108764 0.003199946 0.992628260 0.003474390 | 0.000000000 0.000000000 0.000000000 1.000000000 0.000000000 
0.003343234 0.008786542 0.002328051 0.988461687 0.011459349 | 0.000000000 0.000000000 0.000000000 1.000000000 0.000000000 
0.005555398 0.003961024 0.005469066 0.991019341 0.001661154 | 0.000000000 0.000000000 0.000000000 1.000000000 0.000000000 

0.003222595 0.003733711 0.007749867 0.006905236 0.990574888 | 0.000000000 0.000000000 0.000000000 0.000000000 1.000000000 
0.003258640 0.003771557 0.007500585 0.007194584 0.990580874 | 0.000000000 0.000000000 0.000000000 0.000000000 1.000000000 
0.003578003 0.005145345 0.005659959 0.006716732 0.990547932 | 0.000000000 0.000000000 0.000000000 0.000000000 1.000000000 
0.001451273 0.008778291 0.005899015 0.001309890 0.987949309 | 0.000000000 0.000000000 0.000000000 0.000000000 1.000000000 
0.004961271 0.004327222 0.005302612 0.005280206 0.990847064 | 0.000000000 0.000000000 0.000000000 0.000000000 1.000000000 

Average error is 0.000099986
Took 379.855563000s to train
Model weights saved to file trained_model.txt!
